RESTART FILE
Timestep: 300

NUMBER OF PARTICLES
447

SIMULATION BOX
100 100 200

TIMESTEP
0.1

ATTRACTION RADIUS
25
0.983094 1.12781 1.19748 1.23785 1.26372 1.28133 1.2939 1.30312 1.31014 1.31562 1.32005 1.32351 1.32648 1.32881 1.33082 1.33244 1.33389 1.33515 1.3363 1.33723 1.33803 1.33868 1.33937 1.33991 1.34042 

AGGREGATES/BEADS
0 1 94.462779 81.448300 40.608963 1.000000 1.000000 1.000000 0.983094
0 0.000000 0.000000 0.000000
1 1 85.413261 2.616193 123.145209 2.000000 2.000000 1.000000 1.127810
1 0.000000 0.000000 0.000000
3 1 90.364064 67.577334 116.788183 1.000000 1.000000 1.000000 0.983094
3 0.000000 0.000000 0.000000
4 1 47.925017 95.358559 111.612024 1.000000 1.000000 1.000000 0.983094
4 0.000000 0.000000 0.000000
5 1 38.386751 77.244794 3.553405 1.000000 1.000000 1.000000 0.983094
5 0.000000 0.000000 0.000000
6 1 86.153376 93.999090 2.547817 1.000000 1.000000 1.000000 0.983094
6 0.000000 0.000000 0.000000
7 1 66.869504 9.221102 156.454956 1.000000 1.000000 1.000000 0.983094
7 0.000000 0.000000 0.000000
8 1 45.737337 92.806174 105.679305 1.000000 1.000000 1.000000 0.983094
8 0.000000 0.000000 0.000000
9 1 43.107164 28.697618 56.117680 1.000000 1.000000 1.000000 0.983094
9 0.000000 0.000000 0.000000
10 1 87.461947 97.240770 23.669568 1.000000 1.000000 1.000000 0.983094
10 0.000000 0.000000 0.000000
11 1 30.052796 57.932104 26.246887 1.000000 1.000000 1.000000 0.983094
11 0.000000 0.000000 0.000000
12 1 79.724068 78.529036 68.214994 1.000000 1.000000 1.000000 0.983094
12 0.000000 0.000000 0.000000
13 1 42.440302 61.920088 23.713500 1.000000 1.000000 1.000000 0.983094
13 0.000000 0.000000 0.000000
14 1 31.442242 20.765574 22.230651 3.000000 3.000000 1.000000 1.197480
14 0.000000 0.000000 0.000000
15 1 58.406672 62.338939 188.944832 1.000000 1.000000 1.000000 0.983094
15 0.000000 0.000000 0.000000
16 1 58.751254 76.936098 16.435023 1.000000 1.000000 1.000000 0.983094
16 0.000000 0.000000 0.000000
18 1 64.716092 81.154057 171.833596 1.000000 1.000000 1.000000 0.983094
18 0.000000 0.000000 0.000000
19 1 58.533031 51.786066 186.809359 3.000000 3.000000 1.000000 1.197480
19 0.000000 0.000000 0.000000
20 1 89.370275 2.140261 104.485298 1.000000 1.000000 1.000000 0.983094
20 0.000000 0.000000 0.000000
21 1 10.185082 41.117455 32.390369 2.000000 2.000000 1.000000 1.127810
21 0.000000 0.000000 0.000000
22 1 72.285569 39.533074 135.175782 1.000000 1.000000 1.000000 0.983094
22 0.000000 0.000000 0.000000
23 1 75.093618 42.410976 114.759167 1.000000 1.000000 1.000000 0.983094
23 0.000000 0.000000 0.000000
24 1 22.035005 75.901678 94.066426 1.000000 1.000000 1.000000 0.983094
24 0.000000 0.000000 0.000000
25 1 88.470650 84.315691 78.438679 1.000000 1.000000 1.000000 0.983094
25 0.000000 0.000000 0.000000
26 1 97.128035 42.572761 56.001203 1.000000 1.000000 1.000000 0.983094
26 0.000000 0.000000 0.000000
29 1 27.855326 32.295550 13.174598 1.000000 1.000000 1.000000 0.983094
29 0.000000 0.000000 0.000000
30 1 13.530955 49.690368 197.662434 1.000000 1.000000 1.000000 0.983094
30 0.000000 0.000000 0.000000
31 1 95.864341 40.729332 12.154306 1.000000 1.000000 1.000000 0.983094
31 0.000000 0.000000 0.000000
32 1 91.795766 62.861359 155.069390 1.000000 1.000000 1.000000 0.983094
32 0.000000 0.000000 0.000000
33 1 68.480453 59.624038 26.929558 2.000000 2.000000 1.000000 1.127810
33 0.000000 0.000000 0.000000
36 1 78.875244 99.921217 51.509487 1.000000 1.000000 1.000000 0.983094
36 0.000000 0.000000 0.000000
37 1 94.415741 15.990592 142.282877 1.000000 1.000000 1.000000 0.983094
37 0.000000 0.000000 0.000000
38 1 62.454556 64.105933 68.506943 1.000000 1.000000 1.000000 0.983094
38 0.000000 0.000000 0.000000
39 1 41.934043 98.883766 16.610760 1.000000 1.000000 1.000000 0.983094
39 0.000000 0.000000 0.000000
40 1 93.428269 98.749549 76.394971 2.000000 2.000000 1.000000 1.127810
40 0.000000 0.000000 0.000000
41 1 74.611155 37.158731 90.723997 1.000000 1.000000 1.000000 0.983094
41 0.000000 0.000000 0.000000
44 1 71.259384 71.066175 105.052743 1.000000 1.000000 1.000000 0.983094
44 0.000000 0.000000 0.000000
45 1 52.851004 6.471044 80.688610 1.000000 1.000000 1.000000 0.983094
45 0.000000 0.000000 0.000000
46 1 47.184960 96.839484 53.081788 1.000000 1.000000 1.000000 0.983094
46 0.000000 0.000000 0.000000
47 1 25.508456 62.487210 25.923799 2.000000 2.000000 1.000000 1.127810
47 0.000000 0.000000 0.000000
48 1 57.089062 30.393834 1.035343 1.000000 1.000000 1.000000 0.983094
48 0.000000 0.000000 0.000000
49 1 81.589735 45.799116 32.548763 1.000000 1.000000 1.000000 0.983094
49 0.000000 0.000000 0.000000
50 1 95.986849 71.363170 19.998561 1.000000 1.000000 1.000000 0.983094
50 0.000000 0.000000 0.000000
51 1 13.362079 43.943631 138.745232 1.000000 1.000000 1.000000 0.983094
51 0.000000 0.000000 0.000000
52 1 67.498124 1.973556 162.430528 1.000000 1.000000 1.000000 0.983094
52 0.000000 0.000000 0.000000
53 1 70.292412 90.111629 62.834854 1.000000 1.000000 1.000000 0.983094
53 0.000000 0.000000 0.000000
54 1 36.281642 46.179060 42.561539 1.000000 1.000000 1.000000 0.983094
54 0.000000 0.000000 0.000000
55 1 51.904438 67.679092 118.938697 1.000000 1.000000 1.000000 0.983094
55 0.000000 0.000000 0.000000
56 1 22.161899 65.957059 198.957407 1.000000 1.000000 1.000000 0.983094
56 0.000000 0.000000 0.000000
57 1 79.652332 1.518731 163.128853 1.000000 1.000000 1.000000 0.983094
57 0.000000 0.000000 0.000000
58 1 31.268460 50.032148 36.752127 1.000000 1.000000 1.000000 0.983094
58 0.000000 0.000000 0.000000
60 1 2.838616 39.303979 25.452469 1.000000 1.000000 1.000000 0.983094
60 0.000000 0.000000 0.000000
61 1 68.266895 4.892919 181.133517 1.000000 1.000000 1.000000 0.983094
61 0.000000 0.000000 0.000000
62 1 56.888499 22.632952 111.992561 2.000000 2.000000 1.000000 1.127810
62 0.000000 0.000000 0.000000
63 1 21.886697 5.849343 45.289516 1.000000 1.000000 1.000000 0.983094
63 0.000000 0.000000 0.000000
64 1 50.965108 81.570435 84.981842 2.000000 2.000000 1.000000 1.127810
64 0.000000 0.000000 0.000000
65 1 90.335056 76.407497 95.323020 3.000000 3.000000 1.000000 1.197480
65 0.000000 0.000000 0.000000
66 1 89.427571 65.281997 0.931010 1.000000 1.000000 1.000000 0.983094
66 0.000000 0.000000 0.000000
67 1 75.895563 25.110517 6.902059 1.000000 1.000000 1.000000 0.983094
67 0.000000 0.000000 0.000000
68 1 25.566781 37.361435 149.411965 1.000000 1.000000 1.000000 0.983094
68 0.000000 0.000000 0.000000
69 1 87.834783 68.923743 193.121868 1.000000 1.000000 1.000000 0.983094
69 0.000000 0.000000 0.000000
70 1 41.320817 56.671648 91.055685 1.000000 1.000000 1.000000 0.983094
70 0.000000 0.000000 0.000000
71 1 63.561694 69.679071 7.697402 2.000000 2.000000 1.000000 1.127810
71 0.000000 0.000000 0.000000
72 1 96.058287 90.441989 71.198795 1.000000 1.000000 1.000000 0.983094
72 0.000000 0.000000 0.000000
74 1 39.114187 18.349126 73.877179 1.000000 1.000000 1.000000 0.983094
74 0.000000 0.000000 0.000000
75 1 90.885923 19.505504 113.247425 1.000000 1.000000 1.000000 0.983094
75 0.000000 0.000000 0.000000
76 1 75.859116 43.876573 16.532093 1.000000 1.000000 1.000000 0.983094
76 0.000000 0.000000 0.000000
77 1 93.559432 56.907833 55.709526 1.000000 1.000000 1.000000 0.983094
77 0.000000 0.000000 0.000000
79 1 24.675194 96.418308 189.731072 1.000000 1.000000 1.000000 0.983094
79 0.000000 0.000000 0.000000
80 1 14.164863 74.807603 39.504780 1.000000 1.000000 1.000000 0.983094
80 0.000000 0.000000 0.000000
81 1 72.028732 16.896731 23.174903 1.000000 1.000000 1.000000 0.983094
81 0.000000 0.000000 0.000000
83 1 40.750635 87.248298 169.813904 1.000000 1.000000 1.000000 0.983094
83 0.000000 0.000000 0.000000
84 1 72.896151 12.279342 176.557556 1.000000 1.000000 1.000000 0.983094
84 0.000000 0.000000 0.000000
85 1 44.880464 11.770298 87.208465 1.000000 1.000000 1.000000 0.983094
85 0.000000 0.000000 0.000000
86 1 93.788199 8.109013 60.325961 1.000000 1.000000 1.000000 0.983094
86 0.000000 0.000000 0.000000
87 1 66.736862 52.527238 88.653413 1.000000 1.000000 1.000000 0.983094
87 0.000000 0.000000 0.000000
88 1 4.332087 80.705265 165.177685 1.000000 1.000000 1.000000 0.983094
88 0.000000 0.000000 0.000000
89 1 24.589406 27.603563 127.711026 1.000000 1.000000 1.000000 0.983094
89 0.000000 0.000000 0.000000
90 1 8.011766 84.494059 37.386749 1.000000 1.000000 1.000000 0.983094
90 0.000000 0.000000 0.000000
91 1 95.031417 1.251066 17.990736 1.000000 1.000000 1.000000 0.983094
91 0.000000 0.000000 0.000000
92 1 2.492439 40.185976 86.534055 1.000000 1.000000 1.000000 0.983094
92 0.000000 0.000000 0.000000
93 1 38.514842 94.966847 181.748152 1.000000 1.000000 1.000000 0.983094
93 0.000000 0.000000 0.000000
94 1 84.783709 89.019406 118.077594 1.000000 1.000000 1.000000 0.983094
94 0.000000 0.000000 0.000000
95 1 63.594856 9.708253 66.052958 1.000000 1.000000 1.000000 0.983094
95 0.000000 0.000000 0.000000
96 1 73.086371 31.148818 19.703592 1.000000 1.000000 1.000000 0.983094
96 0.000000 0.000000 0.000000
97 1 49.441267 8.248925 29.653115 2.000000 2.000000 1.000000 1.127810
97 0.000000 0.000000 0.000000
98 1 57.714180 41.726327 43.585265 1.000000 1.000000 1.000000 0.983094
98 0.000000 0.000000 0.000000
99 1 57.826227 85.210206 60.056895 1.000000 1.000000 1.000000 0.983094
99 0.000000 0.000000 0.000000
100 1 85.032059 18.710362 197.725465 1.000000 1.000000 1.000000 0.983094
100 0.000000 0.000000 0.000000
101 1 58.000743 9.838982 123.389445 1.000000 1.000000 1.000000 0.983094
101 0.000000 0.000000 0.000000
102 1 31.684634 57.663056 112.820245 1.000000 1.000000 1.000000 0.983094
102 0.000000 0.000000 0.000000
103 1 68.843670 50.948753 130.795131 1.000000 1.000000 1.000000 0.983094
103 0.000000 0.000000 0.000000
104 1 59.394729 3.523706 59.803483 3.000000 3.000000 1.000000 1.197480
104 0.000000 0.000000 0.000000
105 1 78.898535 57.598018 194.036373 1.000000 1.000000 1.000000 0.983094
105 0.000000 0.000000 0.000000
106 1 75.440172 21.239736 158.622907 1.000000 1.000000 1.000000 0.983094
106 0.000000 0.000000 0.000000
108 1 23.323733 41.854807 178.357491 1.000000 1.000000 1.000000 0.983094
108 0.000000 0.000000 0.000000
109 1 11.536568 37.304839 167.026739 1.000000 1.000000 1.000000 0.983094
109 0.000000 0.000000 0.000000
110 1 37.432225 48.386573 172.414809 1.000000 1.000000 1.000000 0.983094
110 0.000000 0.000000 0.000000
111 1 81.008733 13.721619 70.484130 1.000000 1.000000 1.000000 0.983094
111 0.000000 0.000000 0.000000
112 1 29.969511 26.709967 47.558609 1.000000 1.000000 1.000000 0.983094
112 0.000000 0.000000 0.000000
113 1 26.692154 72.164818 136.235980 2.000000 2.000000 1.000000 1.127810
113 0.000000 0.000000 0.000000
115 1 78.417875 43.021763 141.705701 1.000000 1.000000 1.000000 0.983094
115 0.000000 0.000000 0.000000
116 1 44.560940 86.325767 118.173393 1.000000 1.000000 1.000000 0.983094
116 0.000000 0.000000 0.000000
117 1 30.636936 71.054102 196.776432 1.000000 1.000000 1.000000 0.983094
117 0.000000 0.000000 0.000000
118 1 40.114198 3.880111 63.192211 1.000000 1.000000 1.000000 0.983094
118 0.000000 0.000000 0.000000
119 1 37.305434 57.138877 168.544297 1.000000 1.000000 1.000000 0.983094
119 0.000000 0.000000 0.000000
120 1 99.203332 50.577565 31.963764 3.000000 3.000000 1.000000 1.197480
120 0.000000 0.000000 0.000000
121 1 62.342549 22.837695 61.210294 1.000000 1.000000 1.000000 0.983094
121 0.000000 0.000000 0.000000
122 1 59.266173 19.528543 173.066559 1.000000 1.000000 1.000000 0.983094
122 0.000000 0.000000 0.000000
123 1 94.545841 92.255156 8.617395 1.000000 1.000000 1.000000 0.983094
123 0.000000 0.000000 0.000000
124 1 59.021391 79.852111 193.203818 1.000000 1.000000 1.000000 0.983094
124 0.000000 0.000000 0.000000
125 1 84.930783 30.315801 76.471253 1.000000 1.000000 1.000000 0.983094
125 0.000000 0.000000 0.000000
126 1 13.598306 86.252693 81.841003 1.000000 1.000000 1.000000 0.983094
126 0.000000 0.000000 0.000000
128 1 46.242320 14.096146 140.020725 1.000000 1.000000 1.000000 0.983094
128 0.000000 0.000000 0.000000
129 1 60.683491 53.814890 160.319659 1.000000 1.000000 1.000000 0.983094
129 0.000000 0.000000 0.000000
130 1 5.966080 23.856951 123.546664 1.000000 1.000000 1.000000 0.983094
130 0.000000 0.000000 0.000000
131 1 69.871087 83.668802 99.656009 1.000000 1.000000 1.000000 0.983094
131 0.000000 0.000000 0.000000
132 1 57.933798 47.075717 38.768880 1.000000 1.000000 1.000000 0.983094
132 0.000000 0.000000 0.000000
133 1 49.721428 97.673901 75.694223 1.000000 1.000000 1.000000 0.983094
133 0.000000 0.000000 0.000000
134 1 62.888966 35.748326 64.391424 1.000000 1.000000 1.000000 0.983094
134 0.000000 0.000000 0.000000
136 1 16.903823 36.981177 86.662038 1.000000 1.000000 1.000000 0.983094
136 0.000000 0.000000 0.000000
137 1 24.727033 66.279444 166.502419 1.000000 1.000000 1.000000 0.983094
137 0.000000 0.000000 0.000000
139 1 21.710048 51.648921 185.530204 1.000000 1.000000 1.000000 0.983094
139 0.000000 0.000000 0.000000
140 1 70.235790 68.457351 158.291156 1.000000 1.000000 1.000000 0.983094
140 0.000000 0.000000 0.000000
141 1 28.139885 70.969520 91.848429 1.000000 1.000000 1.000000 0.983094
141 0.000000 0.000000 0.000000
142 1 97.945196 7.876026 84.160359 1.000000 1.000000 1.000000 0.983094
142 0.000000 0.000000 0.000000
143 1 74.887438 43.806450 162.105418 1.000000 1.000000 1.000000 0.983094
143 0.000000 0.000000 0.000000
144 1 4.699778 34.677423 181.176606 1.000000 1.000000 1.000000 0.983094
144 0.000000 0.000000 0.000000
145 1 72.197487 78.329847 183.079712 1.000000 1.000000 1.000000 0.983094
145 0.000000 0.000000 0.000000
146 1 54.141003 54.572360 33.906935 2.000000 2.000000 1.000000 1.127810
146 0.000000 0.000000 0.000000
147 1 71.476224 54.377570 112.930384 1.000000 1.000000 1.000000 0.983094
147 0.000000 0.000000 0.000000
148 1 30.597758 97.550191 139.963655 1.000000 1.000000 1.000000 0.983094
148 0.000000 0.000000 0.000000
149 1 35.546447 31.391319 83.150344 1.000000 1.000000 1.000000 0.983094
149 0.000000 0.000000 0.000000
150 1 59.937345 31.633312 30.686740 1.000000 1.000000 1.000000 0.983094
150 0.000000 0.000000 0.000000
151 1 23.556665 32.416743 163.280600 1.000000 1.000000 1.000000 0.983094
151 0.000000 0.000000 0.000000
152 1 42.067195 64.348638 122.635842 1.000000 1.000000 1.000000 0.983094
152 0.000000 0.000000 0.000000
154 1 0.584793 64.800334 115.292982 1.000000 1.000000 1.000000 0.983094
154 0.000000 0.000000 0.000000
155 1 16.029137 40.237740 11.307852 1.000000 1.000000 1.000000 0.983094
155 0.000000 0.000000 0.000000
156 1 93.647434 87.197245 77.545461 1.000000 1.000000 1.000000 0.983094
156 0.000000 0.000000 0.000000
157 1 29.558901 54.640354 138.995884 1.000000 1.000000 1.000000 0.983094
157 0.000000 0.000000 0.000000
158 1 29.022063 28.963292 180.734185 1.000000 1.000000 1.000000 0.983094
158 0.000000 0.000000 0.000000
159 1 47.226328 22.924615 183.486901 1.000000 1.000000 1.000000 0.983094
159 0.000000 0.000000 0.000000
160 1 30.203992 79.122284 35.540320 1.000000 1.000000 1.000000 0.983094
160 0.000000 0.000000 0.000000
161 1 98.300593 53.443315 119.685137 1.000000 1.000000 1.000000 0.983094
161 0.000000 0.000000 0.000000
162 1 41.643135 99.161399 113.191542 1.000000 1.000000 1.000000 0.983094
162 0.000000 0.000000 0.000000
163 1 26.410058 81.743754 35.346040 1.000000 1.000000 1.000000 0.983094
163 0.000000 0.000000 0.000000
164 1 15.303996 36.341585 172.630677 2.000000 2.000000 1.000000 1.127810
164 0.000000 0.000000 0.000000
165 1 92.177295 23.436123 151.841469 2.000000 2.000000 1.000000 1.127810
165 0.000000 0.000000 0.000000
166 1 71.130736 88.688071 93.541736 1.000000 1.000000 1.000000 0.983094
166 0.000000 0.000000 0.000000
168 1 86.639816 10.613592 156.694934 1.000000 1.000000 1.000000 0.983094
168 0.000000 0.000000 0.000000
169 1 55.690190 14.127982 43.170405 2.000000 2.000000 1.000000 1.127810
169 0.000000 0.000000 0.000000
170 1 26.012957 69.005384 177.181830 1.000000 1.000000 1.000000 0.983094
170 0.000000 0.000000 0.000000
171 1 76.160679 86.722658 112.807327 1.000000 1.000000 1.000000 0.983094
171 0.000000 0.000000 0.000000
172 1 22.121410 38.462526 67.082359 1.000000 1.000000 1.000000 0.983094
172 0.000000 0.000000 0.000000
173 1 39.542112 74.989842 88.644645 1.000000 1.000000 1.000000 0.983094
173 0.000000 0.000000 0.000000
175 1 43.092774 20.240312 119.698910 1.000000 1.000000 1.000000 0.983094
175 0.000000 0.000000 0.000000
176 1 26.812381 2.391860 74.726036 1.000000 1.000000 1.000000 0.983094
176 0.000000 0.000000 0.000000
177 1 62.636006 27.732000 114.563739 1.000000 1.000000 1.000000 0.983094
177 0.000000 0.000000 0.000000
178 1 46.838899 27.754235 17.515753 1.000000 1.000000 1.000000 0.983094
178 0.000000 0.000000 0.000000
179 1 34.325424 75.116977 88.236070 2.000000 2.000000 1.000000 1.127810
179 0.000000 0.000000 0.000000
180 1 39.891204 28.122005 2.654385 1.000000 1.000000 1.000000 0.983094
180 0.000000 0.000000 0.000000
181 1 35.760717 21.103264 192.642070 1.000000 1.000000 1.000000 0.983094
181 0.000000 0.000000 0.000000
183 1 96.136684 10.558179 129.280534 1.000000 1.000000 1.000000 0.983094
183 0.000000 0.000000 0.000000
184 1 70.152869 6.584686 71.173662 1.000000 1.000000 1.000000 0.983094
184 0.000000 0.000000 0.000000
185 1 57.070308 3.631047 171.045695 1.000000 1.000000 1.000000 0.983094
185 0.000000 0.000000 0.000000
186 1 82.271609 19.286940 29.072622 1.000000 1.000000 1.000000 0.983094
186 0.000000 0.000000 0.000000
187 1 36.778400 77.766638 55.504269 1.000000 1.000000 1.000000 0.983094
187 0.000000 0.000000 0.000000
188 1 65.761305 99.867696 24.417340 2.000000 2.000000 1.000000 1.127810
188 0.000000 0.000000 0.000000
189 1 78.553720 81.656381 103.207971 1.000000 1.000000 1.000000 0.983094
189 0.000000 0.000000 0.000000
190 1 3.305337 53.896563 42.819098 1.000000 1.000000 1.000000 0.983094
190 0.000000 0.000000 0.000000
191 1 50.932065 69.715663 98.750693 1.000000 1.000000 1.000000 0.983094
191 0.000000 0.000000 0.000000
192 1 57.952823 79.483825 14.334476 1.000000 1.000000 1.000000 0.983094
192 0.000000 0.000000 0.000000
193 1 20.833830 74.325270 191.844416 1.000000 1.000000 1.000000 0.983094
193 0.000000 0.000000 0.000000
194 1 98.936478 43.001113 172.075069 1.000000 1.000000 1.000000 0.983094
194 0.000000 0.000000 0.000000
195 1 10.520707 27.880847 167.311659 1.000000 1.000000 1.000000 0.983094
195 0.000000 0.000000 0.000000
196 1 64.355463 49.460929 116.241850 1.000000 1.000000 1.000000 0.983094
196 0.000000 0.000000 0.000000
197 1 62.811484 10.837772 103.070324 1.000000 1.000000 1.000000 0.983094
197 0.000000 0.000000 0.000000
198 1 91.418065 90.630166 6.226759 3.000000 3.000000 1.000000 1.197480
198 0.000000 0.000000 0.000000
199 1 21.052583 89.203361 167.378516 1.000000 1.000000 1.000000 0.983094
199 0.000000 0.000000 0.000000
200 1 38.886966 33.790836 148.234778 1.000000 1.000000 1.000000 0.983094
200 0.000000 0.000000 0.000000
201 1 29.346492 41.304673 101.705421 1.000000 1.000000 1.000000 0.983094
201 0.000000 0.000000 0.000000
202 1 82.877194 84.448042 197.731484 1.000000 1.000000 1.000000 0.983094
202 0.000000 0.000000 0.000000
203 1 57.340397 84.033308 31.038534 1.000000 1.000000 1.000000 0.983094
203 0.000000 0.000000 0.000000
204 1 35.456666 8.892680 133.842575 1.000000 1.000000 1.000000 0.983094
204 0.000000 0.000000 0.000000
205 1 55.258954 83.262045 39.505570 1.000000 1.000000 1.000000 0.983094
205 0.000000 0.000000 0.000000
206 1 50.059724 12.394731 9.016116 1.000000 1.000000 1.000000 0.983094
206 0.000000 0.000000 0.000000
207 1 40.517803 79.939324 148.869693 1.000000 1.000000 1.000000 0.983094
207 0.000000 0.000000 0.000000
208 1 14.238242 93.797967 89.374718 1.000000 1.000000 1.000000 0.983094
208 0.000000 0.000000 0.000000
209 1 51.705886 88.633902 109.506230 1.000000 1.000000 1.000000 0.983094
209 0.000000 0.000000 0.000000
211 1 54.565007 64.464700 73.560160 1.000000 1.000000 1.000000 0.983094
211 0.000000 0.000000 0.000000
212 1 85.762052 24.807214 107.862799 1.000000 1.000000 1.000000 0.983094
212 0.000000 0.000000 0.000000
213 1 25.786039 34.997783 154.600690 1.000000 1.000000 1.000000 0.983094
213 0.000000 0.000000 0.000000
214 1 54.747400 41.099055 37.477395 1.000000 1.000000 1.000000 0.983094
214 0.000000 0.000000 0.000000
215 1 21.799316 34.395127 56.336512 2.000000 2.000000 1.000000 1.127810
215 0.000000 0.000000 0.000000
216 1 7.920962 58.619705 123.038339 1.000000 1.000000 1.000000 0.983094
216 0.000000 0.000000 0.000000
217 1 38.312898 23.851982 158.267149 1.000000 1.000000 1.000000 0.983094
217 0.000000 0.000000 0.000000
218 1 42.093669 54.889828 99.055394 1.000000 1.000000 1.000000 0.983094
218 0.000000 0.000000 0.000000
219 1 77.541798 76.362069 51.468840 1.000000 1.000000 1.000000 0.983094
219 0.000000 0.000000 0.000000
220 1 86.058333 66.954133 91.022716 1.000000 1.000000 1.000000 0.983094
220 0.000000 0.000000 0.000000
221 1 33.792895 15.380497 153.090090 1.000000 1.000000 1.000000 0.983094
221 0.000000 0.000000 0.000000
222 1 60.021398 36.396963 99.683296 1.000000 1.000000 1.000000 0.983094
222 0.000000 0.000000 0.000000
223 1 91.100654 49.218785 136.817506 1.000000 1.000000 1.000000 0.983094
223 0.000000 0.000000 0.000000
224 1 45.554073 94.473241 182.059012 1.000000 1.000000 1.000000 0.983094
224 0.000000 0.000000 0.000000
225 1 26.143213 25.733403 104.157298 1.000000 1.000000 1.000000 0.983094
225 0.000000 0.000000 0.000000
226 1 19.435182 96.547772 64.670752 1.000000 1.000000 1.000000 0.983094
226 0.000000 0.000000 0.000000
227 1 27.394683 21.165465 181.918785 1.000000 1.000000 1.000000 0.983094
227 0.000000 0.000000 0.000000
228 1 65.419043 49.033097 42.319829 1.000000 1.000000 1.000000 0.983094
228 0.000000 0.000000 0.000000
229 1 41.683972 69.938250 18.540491 1.000000 1.000000 1.000000 0.983094
229 0.000000 0.000000 0.000000
230 1 25.744396 31.095142 0.000821 1.000000 1.000000 1.000000 0.983094
230 0.000000 0.000000 0.000000
231 1 88.607732 35.065616 3.833978 1.000000 1.000000 1.000000 0.983094
231 0.000000 0.000000 0.000000
232 1 1.984612 57.319350 67.065315 1.000000 1.000000 1.000000 0.983094
232 0.000000 0.000000 0.000000
233 1 16.681396 74.383833 33.841993 1.000000 1.000000 1.000000 0.983094
233 0.000000 0.000000 0.000000
234 1 42.126276 50.070293 121.061045 1.000000 1.000000 1.000000 0.983094
234 0.000000 0.000000 0.000000
235 1 20.838742 73.430768 5.479926 1.000000 1.000000 1.000000 0.983094
235 0.000000 0.000000 0.000000
236 1 48.860229 30.055392 198.494104 1.000000 1.000000 1.000000 0.983094
236 0.000000 0.000000 0.000000
237 1 21.531443 74.774676 57.457141 1.000000 1.000000 1.000000 0.983094
237 0.000000 0.000000 0.000000
238 1 31.518372 39.861580 118.544070 1.000000 1.000000 1.000000 0.983094
238 0.000000 0.000000 0.000000
239 1 96.856616 75.764901 170.661219 1.000000 1.000000 1.000000 0.983094
239 0.000000 0.000000 0.000000
240 1 32.395008 29.655595 53.000226 1.000000 1.000000 1.000000 0.983094
240 0.000000 0.000000 0.000000
242 1 34.333200 93.422272 71.862084 1.000000 1.000000 1.000000 0.983094
242 0.000000 0.000000 0.000000
243 1 97.108959 12.239477 73.120297 1.000000 1.000000 1.000000 0.983094
243 0.000000 0.000000 0.000000
244 1 97.019294 65.465392 61.289138 1.000000 1.000000 1.000000 0.983094
244 0.000000 0.000000 0.000000
245 1 80.070895 24.283249 17.774934 1.000000 1.000000 1.000000 0.983094
245 0.000000 0.000000 0.000000
246 1 51.938362 2.190176 96.852207 1.000000 1.000000 1.000000 0.983094
246 0.000000 0.000000 0.000000
247 1 34.078042 27.552267 116.489161 1.000000 1.000000 1.000000 0.983094
247 0.000000 0.000000 0.000000
248 1 1.620088 38.123460 76.674764 1.000000 1.000000 1.000000 0.983094
248 0.000000 0.000000 0.000000
249 1 56.654544 80.051603 198.311180 1.000000 1.000000 1.000000 0.983094
249 0.000000 0.000000 0.000000
250 1 94.736150 2.525709 116.574085 1.000000 1.000000 1.000000 0.983094
250 0.000000 0.000000 0.000000
251 1 59.133196 96.757004 140.145060 1.000000 1.000000 1.000000 0.983094
251 0.000000 0.000000 0.000000
252 1 0.106822 44.374211 58.658374 1.000000 1.000000 1.000000 0.983094
252 0.000000 0.000000 0.000000
254 1 75.207437 59.618111 175.560451 1.000000 1.000000 1.000000 0.983094
254 0.000000 0.000000 0.000000
255 1 6.456880 29.564224 51.943847 1.000000 1.000000 1.000000 0.983094
255 0.000000 0.000000 0.000000
256 1 44.581370 37.766591 160.137463 1.000000 1.000000 1.000000 0.983094
256 0.000000 0.000000 0.000000
257 1 73.010862 73.838789 8.159680 1.000000 1.000000 1.000000 0.983094
257 0.000000 0.000000 0.000000
258 1 38.641011 87.975969 132.583332 1.000000 1.000000 1.000000 0.983094
258 0.000000 0.000000 0.000000
260 1 91.183308 42.518743 166.248556 1.000000 1.000000 1.000000 0.983094
260 0.000000 0.000000 0.000000
261 1 18.061342 82.705090 190.541841 1.000000 1.000000 1.000000 0.983094
261 0.000000 0.000000 0.000000
262 1 72.135351 49.414651 40.555311 1.000000 1.000000 1.000000 0.983094
262 0.000000 0.000000 0.000000
263 1 56.032558 79.890072 3.448734 2.000000 2.000000 1.000000 1.127810
263 0.000000 0.000000 0.000000
266 1 25.087136 14.251296 164.949309 1.000000 1.000000 1.000000 0.983094
266 0.000000 0.000000 0.000000
267 1 51.563963 46.856843 126.615932 1.000000 1.000000 1.000000 0.983094
267 0.000000 0.000000 0.000000
268 1 85.642953 53.171387 172.227832 1.000000 1.000000 1.000000 0.983094
268 0.000000 0.000000 0.000000
269 1 62.400564 38.067818 84.569384 1.000000 1.000000 1.000000 0.983094
269 0.000000 0.000000 0.000000
270 1 36.119451 16.607081 37.658333 1.000000 1.000000 1.000000 0.983094
270 0.000000 0.000000 0.000000
271 1 98.077655 36.498505 171.733457 1.000000 1.000000 1.000000 0.983094
271 0.000000 0.000000 0.000000
272 1 18.777467 40.401610 48.424947 1.000000 1.000000 1.000000 0.983094
272 0.000000 0.000000 0.000000
273 1 48.659528 96.313726 192.082396 2.000000 2.000000 1.000000 1.127810
273 0.000000 0.000000 0.000000
274 1 80.429156 80.777458 34.584311 1.000000 1.000000 1.000000 0.983094
274 0.000000 0.000000 0.000000
276 1 55.017457 61.715215 106.536103 1.000000 1.000000 1.000000 0.983094
276 0.000000 0.000000 0.000000
277 1 78.606987 1.976283 121.324431 1.000000 1.000000 1.000000 0.983094
277 0.000000 0.000000 0.000000
278 1 98.786299 88.565724 101.204079 1.000000 1.000000 1.000000 0.983094
278 0.000000 0.000000 0.000000
279 1 22.280105 0.994982 50.112853 1.000000 1.000000 1.000000 0.983094
279 0.000000 0.000000 0.000000
281 1 87.975721 22.410211 143.846630 1.000000 1.000000 1.000000 0.983094
281 0.000000 0.000000 0.000000
282 1 8.855607 50.205528 46.424628 1.000000 1.000000 1.000000 0.983094
282 0.000000 0.000000 0.000000
283 1 51.180034 22.869848 79.331292 1.000000 1.000000 1.000000 0.983094
283 0.000000 0.000000 0.000000
284 1 80.126184 55.345630 185.920633 1.000000 1.000000 1.000000 0.983094
284 0.000000 0.000000 0.000000
285 1 60.225479 66.449271 73.539499 1.000000 1.000000 1.000000 0.983094
285 0.000000 0.000000 0.000000
286 1 52.991039 60.365809 60.864472 2.000000 2.000000 1.000000 1.127810
286 0.000000 0.000000 0.000000
287 1 57.412693 70.123682 42.287296 1.000000 1.000000 1.000000 0.983094
287 0.000000 0.000000 0.000000
288 1 26.587804 30.027336 68.202539 2.000000 2.000000 1.000000 1.127810
288 0.000000 0.000000 0.000000
289 1 3.915263 55.674567 100.420222 1.000000 1.000000 1.000000 0.983094
289 0.000000 0.000000 0.000000
290 1 32.253281 98.979554 89.433469 1.000000 1.000000 1.000000 0.983094
290 0.000000 0.000000 0.000000
292 1 93.190469 87.004216 95.551345 1.000000 1.000000 1.000000 0.983094
292 0.000000 0.000000 0.000000
293 1 11.254782 6.854974 63.748881 1.000000 1.000000 1.000000 0.983094
293 0.000000 0.000000 0.000000
294 1 35.838771 57.261390 105.923568 1.000000 1.000000 1.000000 0.983094
294 0.000000 0.000000 0.000000
295 1 28.945783 21.924201 106.575750 1.000000 1.000000 1.000000 0.983094
295 0.000000 0.000000 0.000000
296 1 2.760317 81.757176 60.088056 1.000000 1.000000 1.000000 0.983094
296 0.000000 0.000000 0.000000
297 1 28.800111 0.148203 185.713164 1.000000 1.000000 1.000000 0.983094
297 0.000000 0.000000 0.000000
298 1 81.182186 99.293960 110.748637 1.000000 1.000000 1.000000 0.983094
298 0.000000 0.000000 0.000000
299 1 56.225973 49.750441 8.179996 1.000000 1.000000 1.000000 0.983094
299 0.000000 0.000000 0.000000
300 1 78.208214 74.152695 55.293342 1.000000 1.000000 1.000000 0.983094
300 0.000000 0.000000 0.000000
301 1 86.961139 41.924269 69.074754 1.000000 1.000000 1.000000 0.983094
301 0.000000 0.000000 0.000000
302 1 53.191542 31.361402 193.595842 1.000000 1.000000 1.000000 0.983094
302 0.000000 0.000000 0.000000
303 1 36.484903 73.534031 160.615687 1.000000 1.000000 1.000000 0.983094
303 0.000000 0.000000 0.000000
304 1 22.954214 8.020384 38.603559 1.000000 1.000000 1.000000 0.983094
304 0.000000 0.000000 0.000000
305 1 48.394923 14.478895 129.617524 1.000000 1.000000 1.000000 0.983094
305 0.000000 0.000000 0.000000
306 1 34.867884 56.869467 71.448591 1.000000 1.000000 1.000000 0.983094
306 0.000000 0.000000 0.000000
307 1 24.108909 42.831835 128.511190 1.000000 1.000000 1.000000 0.983094
307 0.000000 0.000000 0.000000
308 1 27.313027 92.950084 165.720199 1.000000 1.000000 1.000000 0.983094
308 0.000000 0.000000 0.000000
309 1 2.523195 8.248451 180.703838 1.000000 1.000000 1.000000 0.983094
309 0.000000 0.000000 0.000000
310 1 36.130999 92.957518 125.296185 1.000000 1.000000 1.000000 0.983094
310 0.000000 0.000000 0.000000
311 1 84.421144 79.226623 138.144073 1.000000 1.000000 1.000000 0.983094
311 0.000000 0.000000 0.000000
312 1 36.242924 48.857507 42.139612 1.000000 1.000000 1.000000 0.983094
312 0.000000 0.000000 0.000000
313 1 53.575900 11.321220 160.972819 1.000000 1.000000 1.000000 0.983094
313 0.000000 0.000000 0.000000
314 1 68.018361 81.951462 24.675035 1.000000 1.000000 1.000000 0.983094
314 0.000000 0.000000 0.000000
315 1 27.194136 26.434978 57.405679 1.000000 1.000000 1.000000 0.983094
315 0.000000 0.000000 0.000000
316 1 92.175132 62.181489 170.300855 2.000000 2.000000 1.000000 1.127810
316 0.000000 0.000000 0.000000
317 1 74.239118 91.484195 13.102806 1.000000 1.000000 1.000000 0.983094
317 0.000000 0.000000 0.000000
318 1 14.656990 26.220207 111.435178 1.000000 1.000000 1.000000 0.983094
318 0.000000 0.000000 0.000000
319 1 95.487860 47.929860 132.214080 1.000000 1.000000 1.000000 0.983094
319 0.000000 0.000000 0.000000
320 1 41.553066 40.952728 110.599585 1.000000 1.000000 1.000000 0.983094
320 0.000000 0.000000 0.000000
321 1 94.939747 11.297709 134.053386 1.000000 1.000000 1.000000 0.983094
321 0.000000 0.000000 0.000000
323 1 77.216889 44.750901 122.730401 1.000000 1.000000 1.000000 0.983094
323 0.000000 0.000000 0.000000
324 1 74.685360 92.006113 50.563463 2.000000 2.000000 1.000000 1.127810
324 0.000000 0.000000 0.000000
325 1 53.955832 57.539127 99.055387 1.000000 1.000000 1.000000 0.983094
325 0.000000 0.000000 0.000000
326 1 93.299447 53.814057 53.340838 1.000000 1.000000 1.000000 0.983094
326 0.000000 0.000000 0.000000
328 1 36.304485 63.749543 153.982515 1.000000 1.000000 1.000000 0.983094
328 0.000000 0.000000 0.000000
329 1 31.017872 85.069445 110.757994 1.000000 1.000000 1.000000 0.983094
329 0.000000 0.000000 0.000000
330 1 35.272743 87.955155 70.175047 1.000000 1.000000 1.000000 0.983094
330 0.000000 0.000000 0.000000
331 1 70.823834 9.284693 60.378809 1.000000 1.000000 1.000000 0.983094
331 0.000000 0.000000 0.000000
332 1 25.198894 50.269953 173.519417 1.000000 1.000000 1.000000 0.983094
332 0.000000 0.000000 0.000000
333 1 75.272634 52.030295 10.162875 1.000000 1.000000 1.000000 0.983094
333 0.000000 0.000000 0.000000
334 1 33.787294 81.626799 75.217420 1.000000 1.000000 1.000000 0.983094
334 0.000000 0.000000 0.000000
335 1 13.577886 54.582754 42.974817 1.000000 1.000000 1.000000 0.983094
335 0.000000 0.000000 0.000000
336 1 65.145258 40.068934 49.026796 1.000000 1.000000 1.000000 0.983094
336 0.000000 0.000000 0.000000
337 1 28.500977 61.960892 110.512649 1.000000 1.000000 1.000000 0.983094
337 0.000000 0.000000 0.000000
338 1 58.243573 23.956730 159.963757 1.000000 1.000000 1.000000 0.983094
338 0.000000 0.000000 0.000000
339 1 97.357766 27.293093 34.592373 2.000000 2.000000 1.000000 1.127810
339 0.000000 0.000000 0.000000
340 1 63.912670 67.332787 183.305061 1.000000 1.000000 1.000000 0.983094
340 0.000000 0.000000 0.000000
341 1 41.053805 6.171396 14.084850 1.000000 1.000000 1.000000 0.983094
341 0.000000 0.000000 0.000000
342 1 73.053969 63.761796 28.270618 1.000000 1.000000 1.000000 0.983094
342 0.000000 0.000000 0.000000
343 1 6.936280 40.198147 96.507461 1.000000 1.000000 1.000000 0.983094
343 0.000000 0.000000 0.000000
344 1 99.098784 77.847906 25.282691 1.000000 1.000000 1.000000 0.983094
344 0.000000 0.000000 0.000000
345 1 38.092157 53.265605 138.967192 2.000000 2.000000 1.000000 1.127810
345 0.000000 0.000000 0.000000
348 1 75.825527 17.941773 91.387241 1.000000 1.000000 1.000000 0.983094
348 0.000000 0.000000 0.000000
349 1 76.546213 21.568591 134.625808 2.000000 2.000000 1.000000 1.127810
349 0.000000 0.000000 0.000000
350 1 28.255872 44.680875 67.091315 1.000000 1.000000 1.000000 0.983094
350 0.000000 0.000000 0.000000
351 1 44.462567 14.702532 186.966175 2.000000 2.000000 1.000000 1.127810
351 0.000000 0.000000 0.000000
352 1 42.140719 83.586249 145.586116 1.000000 1.000000 1.000000 0.983094
352 0.000000 0.000000 0.000000
353 1 54.867847 69.564989 156.256574 1.000000 1.000000 1.000000 0.983094
353 0.000000 0.000000 0.000000
355 1 47.779639 72.618540 125.338649 1.000000 1.000000 1.000000 0.983094
355 0.000000 0.000000 0.000000
356 1 46.045586 92.771861 116.826743 1.000000 1.000000 1.000000 0.983094
356 0.000000 0.000000 0.000000
357 1 34.164284 88.863687 32.832913 1.000000 1.000000 1.000000 0.983094
357 0.000000 0.000000 0.000000
358 1 40.394036 39.313123 117.082843 1.000000 1.000000 1.000000 0.983094
358 0.000000 0.000000 0.000000
359 1 55.812792 57.054413 155.904412 1.000000 1.000000 1.000000 0.983094
359 0.000000 0.000000 0.000000
360 1 83.988434 92.076227 171.326383 1.000000 1.000000 1.000000 0.983094
360 0.000000 0.000000 0.000000
361 1 13.971026 19.911267 101.372614 1.000000 1.000000 1.000000 0.983094
361 0.000000 0.000000 0.000000
362 1 50.231794 74.385014 160.109157 1.000000 1.000000 1.000000 0.983094
362 0.000000 0.000000 0.000000
363 1 8.885648 5.124961 36.490938 1.000000 1.000000 1.000000 0.983094
363 0.000000 0.000000 0.000000
364 1 35.747170 99.342968 96.317476 1.000000 1.000000 1.000000 0.983094
364 0.000000 0.000000 0.000000
365 1 35.374912 75.938671 191.052827 3.000000 3.000000 1.000000 1.197480
365 0.000000 0.000000 0.000000
366 1 67.564398 78.901673 123.784991 1.000000 1.000000 1.000000 0.983094
366 0.000000 0.000000 0.000000
367 1 56.261727 58.330310 68.190681 1.000000 1.000000 1.000000 0.983094
367 0.000000 0.000000 0.000000
368 1 52.948961 78.535241 123.538836 2.000000 2.000000 1.000000 1.127810
368 0.000000 0.000000 0.000000
369 1 18.119384 5.748452 196.582229 1.000000 1.000000 1.000000 0.983094
369 0.000000 0.000000 0.000000
370 1 31.073261 14.769874 117.561754 1.000000 1.000000 1.000000 0.983094
370 0.000000 0.000000 0.000000
371 1 34.189868 85.750550 168.485438 1.000000 1.000000 1.000000 0.983094
371 0.000000 0.000000 0.000000
372 1 82.106792 61.010403 164.639527 1.000000 1.000000 1.000000 0.983094
372 0.000000 0.000000 0.000000
373 1 89.598433 95.990510 121.078362 1.000000 1.000000 1.000000 0.983094
373 0.000000 0.000000 0.000000
375 1 77.242204 36.442034 141.745410 1.000000 1.000000 1.000000 0.983094
375 0.000000 0.000000 0.000000
376 1 97.677907 46.592711 166.112036 1.000000 1.000000 1.000000 0.983094
376 0.000000 0.000000 0.000000
377 1 9.990106 64.539373 97.733676 1.000000 1.000000 1.000000 0.983094
377 0.000000 0.000000 0.000000
378 1 22.216466 73.307656 63.508531 2.000000 2.000000 1.000000 1.127810
378 0.000000 0.000000 0.000000
379 1 76.699837 90.083934 89.399253 1.000000 1.000000 1.000000 0.983094
379 0.000000 0.000000 0.000000
380 1 88.043635 83.237306 23.365345 1.000000 1.000000 1.000000 0.983094
380 0.000000 0.000000 0.000000
381 1 20.894531 19.874631 103.061118 1.000000 1.000000 1.000000 0.983094
381 0.000000 0.000000 0.000000
382 1 33.085984 1.290786 164.280571 1.000000 1.000000 1.000000 0.983094
382 0.000000 0.000000 0.000000
383 1 6.581979 7.168290 156.152561 1.000000 1.000000 1.000000 0.983094
383 0.000000 0.000000 0.000000
384 1 49.607396 68.943687 107.153719 1.000000 1.000000 1.000000 0.983094
384 0.000000 0.000000 0.000000
385 1 20.802497 17.103169 165.590561 1.000000 1.000000 1.000000 0.983094
385 0.000000 0.000000 0.000000
386 1 17.024782 10.004258 63.263411 2.000000 2.000000 1.000000 1.127810
386 0.000000 0.000000 0.000000
387 1 64.052692 6.491780 3.816871 1.000000 1.000000 1.000000 0.983094
387 0.000000 0.000000 0.000000
388 1 67.734448 16.966579 156.901527 1.000000 1.000000 1.000000 0.983094
388 0.000000 0.000000 0.000000
389 1 8.400372 68.856478 152.147041 1.000000 1.000000 1.000000 0.983094
389 0.000000 0.000000 0.000000
391 1 31.410068 6.903564 58.626189 1.000000 1.000000 1.000000 0.983094
391 0.000000 0.000000 0.000000
392 1 27.575273 85.015539 96.082407 2.000000 2.000000 1.000000 1.127810
392 0.000000 0.000000 0.000000
393 1 93.040971 94.840345 147.997827 1.000000 1.000000 1.000000 0.983094
393 0.000000 0.000000 0.000000
394 1 35.288140 80.205669 181.527172 1.000000 1.000000 1.000000 0.983094
394 0.000000 0.000000 0.000000
396 1 56.067932 65.348824 22.246196 1.000000 1.000000 1.000000 0.983094
396 0.000000 0.000000 0.000000
397 1 46.296377 53.250819 37.475363 1.000000 1.000000 1.000000 0.983094
397 0.000000 0.000000 0.000000
398 1 78.386029 87.959612 44.124088 1.000000 1.000000 1.000000 0.983094
398 0.000000 0.000000 0.000000
399 1 44.514224 71.590522 58.877124 1.000000 1.000000 1.000000 0.983094
399 0.000000 0.000000 0.000000
400 1 0.945665 14.676532 23.555987 1.000000 1.000000 1.000000 0.983094
400 0.000000 0.000000 0.000000
401 1 63.523142 12.845020 22.658918 1.000000 1.000000 1.000000 0.983094
401 0.000000 0.000000 0.000000
402 1 62.212225 42.556802 3.742190 1.000000 1.000000 1.000000 0.983094
402 0.000000 0.000000 0.000000
403 1 43.386802 65.154913 139.878761 1.000000 1.000000 1.000000 0.983094
403 0.000000 0.000000 0.000000
404 1 20.284934 22.108207 99.781853 1.000000 1.000000 1.000000 0.983094
404 0.000000 0.000000 0.000000
405 1 93.732521 52.349105 5.915744 1.000000 1.000000 1.000000 0.983094
405 0.000000 0.000000 0.000000
406 1 31.739669 99.147368 129.579675 1.000000 1.000000 1.000000 0.983094
406 0.000000 0.000000 0.000000
407 1 77.911713 22.742135 177.779512 1.000000 1.000000 1.000000 0.983094
407 0.000000 0.000000 0.000000
408 1 82.555420 29.781223 83.560331 1.000000 1.000000 1.000000 0.983094
408 0.000000 0.000000 0.000000
409 1 13.851344 27.249166 142.600244 1.000000 1.000000 1.000000 0.983094
409 0.000000 0.000000 0.000000
410 1 17.982389 15.264427 107.970820 1.000000 1.000000 1.000000 0.983094
410 0.000000 0.000000 0.000000
411 1 52.975841 34.998775 27.287397 1.000000 1.000000 1.000000 0.983094
411 0.000000 0.000000 0.000000
412 1 68.102236 88.057977 152.267667 1.000000 1.000000 1.000000 0.983094
412 0.000000 0.000000 0.000000
414 1 9.891611 85.890456 67.641282 1.000000 1.000000 1.000000 0.983094
414 0.000000 0.000000 0.000000
415 1 96.425991 93.130450 69.439050 1.000000 1.000000 1.000000 0.983094
415 0.000000 0.000000 0.000000
416 1 46.601709 88.478484 182.879695 1.000000 1.000000 1.000000 0.983094
416 0.000000 0.000000 0.000000
417 1 98.993152 38.796950 136.395166 1.000000 1.000000 1.000000 0.983094
417 0.000000 0.000000 0.000000
418 1 29.539269 92.312924 31.459834 2.000000 2.000000 1.000000 1.127810
418 0.000000 0.000000 0.000000
420 1 1.311170 22.767840 74.321656 1.000000 1.000000 1.000000 0.983094
420 0.000000 0.000000 0.000000
421 1 62.070619 99.497481 0.778066 1.000000 1.000000 1.000000 0.983094
421 0.000000 0.000000 0.000000
422 1 13.815138 9.530368 170.638300 1.000000 1.000000 1.000000 0.983094
422 0.000000 0.000000 0.000000
424 1 68.198087 46.356419 144.222626 1.000000 1.000000 1.000000 0.983094
424 0.000000 0.000000 0.000000
426 1 20.388513 41.200713 7.557780 1.000000 1.000000 1.000000 0.983094
426 0.000000 0.000000 0.000000
427 1 4.844516 99.605804 177.431852 1.000000 1.000000 1.000000 0.983094
427 0.000000 0.000000 0.000000
428 1 11.215391 30.031654 64.722360 1.000000 1.000000 1.000000 0.983094
428 0.000000 0.000000 0.000000
429 1 45.396904 69.916141 161.410253 2.000000 2.000000 1.000000 1.127810
429 0.000000 0.000000 0.000000
430 1 40.714492 60.279529 13.340965 3.000000 3.000000 1.000000 1.197480
430 0.000000 0.000000 0.000000
431 1 3.045867 32.603471 88.804350 1.000000 1.000000 1.000000 0.983094
431 0.000000 0.000000 0.000000
432 1 77.854687 75.129858 51.826185 2.000000 2.000000 1.000000 1.127810
432 0.000000 0.000000 0.000000
433 1 31.358131 60.222169 159.463106 1.000000 1.000000 1.000000 0.983094
433 0.000000 0.000000 0.000000
434 1 4.276894 16.188621 88.954745 1.000000 1.000000 1.000000 0.983094
434 0.000000 0.000000 0.000000
436 1 11.385341 49.111807 52.207367 1.000000 1.000000 1.000000 0.983094
436 0.000000 0.000000 0.000000
438 1 96.007205 62.449398 103.444617 1.000000 1.000000 1.000000 0.983094
438 0.000000 0.000000 0.000000
439 1 37.036593 8.140485 69.066597 1.000000 1.000000 1.000000 0.983094
439 0.000000 0.000000 0.000000
441 1 79.037509 59.394642 141.007409 1.000000 1.000000 1.000000 0.983094
441 0.000000 0.000000 0.000000
442 1 93.421759 66.982579 112.429908 1.000000 1.000000 1.000000 0.983094
442 0.000000 0.000000 0.000000
446 1 31.280064 43.133978 58.588516 1.000000 1.000000 1.000000 0.983094
446 0.000000 0.000000 0.000000
447 1 99.076389 30.581398 127.318895 1.000000 1.000000 1.000000 0.983094
447 0.000000 0.000000 0.000000
448 1 71.182104 1.600970 98.613361 1.000000 1.000000 1.000000 0.983094
448 0.000000 0.000000 0.000000
449 1 10.391243 32.344200 76.435330 1.000000 1.000000 1.000000 0.983094
449 0.000000 0.000000 0.000000
450 1 38.464568 42.126487 179.156761 1.000000 1.000000 1.000000 0.983094
450 0.000000 0.000000 0.000000
451 1 66.866491 84.319655 7.348443 1.000000 1.000000 1.000000 0.983094
451 0.000000 0.000000 0.000000
452 1 75.942895 87.758564 47.834402 1.000000 1.000000 1.000000 0.983094
452 0.000000 0.000000 0.000000
453 1 82.847596 1.765752 1.842593 2.000000 2.000000 1.000000 1.127810
453 0.000000 0.000000 0.000000
455 1 65.023991 62.075932 119.471966 1.000000 1.000000 1.000000 0.983094
455 0.000000 0.000000 0.000000
456 1 9.564141 23.946230 103.086987 1.000000 1.000000 1.000000 0.983094
456 0.000000 0.000000 0.000000
457 1 79.207608 30.721745 172.527789 1.000000 1.000000 1.000000 0.983094
457 0.000000 0.000000 0.000000
458 1 21.494264 94.642930 57.173284 1.000000 1.000000 1.000000 0.983094
458 0.000000 0.000000 0.000000
459 1 74.678321 31.457141 114.221264 1.000000 1.000000 1.000000 0.983094
459 0.000000 0.000000 0.000000
460 1 40.163028 11.863062 61.207776 1.000000 1.000000 1.000000 0.983094
460 0.000000 0.000000 0.000000
461 1 1.957172 83.282066 9.091226 1.000000 1.000000 1.000000 0.983094
461 0.000000 0.000000 0.000000
462 1 5.234458 64.379758 170.433500 1.000000 1.000000 1.000000 0.983094
462 0.000000 0.000000 0.000000
463 1 84.268615 33.519792 157.011616 1.000000 1.000000 1.000000 0.983094
463 0.000000 0.000000 0.000000
464 1 27.883993 64.558101 61.300063 1.000000 1.000000 1.000000 0.983094
464 0.000000 0.000000 0.000000
465 1 3.314480 3.048846 52.679332 1.000000 1.000000 1.000000 0.983094
465 0.000000 0.000000 0.000000
466 1 54.263672 64.262695 197.379606 1.000000 1.000000 1.000000 0.983094
466 0.000000 0.000000 0.000000
467 1 61.680705 88.501668 175.235768 1.000000 1.000000 1.000000 0.983094
467 0.000000 0.000000 0.000000
469 1 33.335629 83.653373 196.099761 1.000000 1.000000 1.000000 0.983094
469 0.000000 0.000000 0.000000
470 1 85.207902 30.229581 141.967933 1.000000 1.000000 1.000000 0.983094
470 0.000000 0.000000 0.000000
471 1 83.938113 69.341192 129.681663 2.000000 2.000000 1.000000 1.127810
471 0.000000 0.000000 0.000000
473 1 33.941846 75.067740 39.094066 1.000000 1.000000 1.000000 0.983094
473 0.000000 0.000000 0.000000
474 1 25.560752 82.128772 181.650244 2.000000 2.000000 1.000000 1.127810
474 0.000000 0.000000 0.000000
475 1 16.958109 82.337094 54.456954 1.000000 1.000000 1.000000 0.983094
475 0.000000 0.000000 0.000000
477 1 72.835113 89.021603 29.439474 1.000000 1.000000 1.000000 0.983094
477 0.000000 0.000000 0.000000
478 1 16.749016 67.023176 120.899280 1.000000 1.000000 1.000000 0.983094
478 0.000000 0.000000 0.000000
479 1 62.841193 79.463910 183.619169 1.000000 1.000000 1.000000 0.983094
479 0.000000 0.000000 0.000000
480 1 46.832307 80.656048 41.934745 1.000000 1.000000 1.000000 0.983094
480 0.000000 0.000000 0.000000
481 1 99.420182 7.846390 185.413710 1.000000 1.000000 1.000000 0.983094
481 0.000000 0.000000 0.000000
482 1 48.059981 81.405658 53.508295 1.000000 1.000000 1.000000 0.983094
482 0.000000 0.000000 0.000000
483 1 86.488210 68.465798 16.722147 1.000000 1.000000 1.000000 0.983094
483 0.000000 0.000000 0.000000
484 1 77.387367 10.648255 47.200506 1.000000 1.000000 1.000000 0.983094
484 0.000000 0.000000 0.000000
485 1 90.656238 8.117524 163.274314 1.000000 1.000000 1.000000 0.983094
485 0.000000 0.000000 0.000000
486 1 41.121607 50.341026 101.060589 1.000000 1.000000 1.000000 0.983094
486 0.000000 0.000000 0.000000
488 1 6.538975 53.815255 91.385269 1.000000 1.000000 1.000000 0.983094
488 0.000000 0.000000 0.000000
489 1 85.065476 30.765964 39.734460 1.000000 1.000000 1.000000 0.983094
489 0.000000 0.000000 0.000000
490 1 77.713204 52.056047 141.237713 1.000000 1.000000 1.000000 0.983094
490 0.000000 0.000000 0.000000
491 1 68.055409 9.774883 78.230652 1.000000 1.000000 1.000000 0.983094
491 0.000000 0.000000 0.000000
492 1 82.189329 11.747744 14.585664 1.000000 1.000000 1.000000 0.983094
492 0.000000 0.000000 0.000000
493 1 97.095916 50.617360 34.850691 1.000000 1.000000 1.000000 0.983094
493 0.000000 0.000000 0.000000
494 1 34.746326 18.010330 21.175523 1.000000 1.000000 1.000000 0.983094
494 0.000000 0.000000 0.000000
495 1 41.462248 91.625779 9.067626 1.000000 1.000000 1.000000 0.983094
495 0.000000 0.000000 0.000000
496 1 76.503584 40.614389 176.372531 1.000000 1.000000 1.000000 0.983094
496 0.000000 0.000000 0.000000
497 1 10.137580 75.978541 10.301090 1.000000 1.000000 1.000000 0.983094
497 0.000000 0.000000 0.000000
498 1 96.631009 85.490709 172.870256 1.000000 1.000000 1.000000 0.983094
498 0.000000 0.000000 0.000000
499 1 94.406678 71.715537 95.377714 1.000000 1.000000 1.000000 0.983094
499 0.000000 0.000000 0.000000
